INPUTS 65
1 2 3 4 5 6 7 8 9 10 11 12 13 14 15 16 17 18 19 20 21 22 23 24 25 26 27 28 29 30 31 32 33 34 35 36 37 38 39 40 41 42 43 44 45 46 47 48 49 50 51 52 53 54 55 56 57 58 59 60 61 62 63 64 162
OUTPUTS 32
65 66 67 68 69 70 71 72 73 74 75 76 77 78 79 80 81 82 83 84 85 86 87 88 89 90 91 92 93 94 95 96
NODES 194
1 2 3 4 5 6 7 8 9 10 11 12 13 14 15 16 17 18 19 20 21 22 23 24 25 26 27 28 29 30 31 32 33 34 35 36 37 38 39 40 41 42 43 44 45 46 47 48 49 50 51 52 53 54 55 56 57 58 59 60 61 62 63 64 65 66 67 68 69 70 71 72 73 74 75 76 77 78 79 80 81 82 83 84 85 86 87 88 89 90 91 92 93 94 95 96 97 98 99 100 101 102 103 104 105 106 107 108 109 110 111 112 113 114 115 116 117 118 119 120 121 122 123 124 125 126 127 128 129 130 131 132 133 134 135 136 137 138 139 140 141 142 143 144 145 146 147 148 149 150 151 152 153 154 155 156 157 158 159 160 161 162 163 164 165 166 167 168 169 170 171 172 173 174 175 176 177 178 179 180 181 182 183 184 185 186 187 188 189 190 191 192 193 194
GATES 129
AND 2 1 1 97
AND 2 2 34 98
AND 2 3 35 99
AND 2 4 36 100
AND 2 5 37 101
AND 2 6 38 102
AND 2 7 39 103
AND 2 8 40 104
AND 2 9 41 105
AND 2 10 42 106
AND 2 11 43 107
AND 2 12 44 108
AND 2 13 45 109
AND 2 14 46 110
AND 2 15 47 111
AND 2 16 48 112
AND 2 17 49 113
AND 2 18 50 114
AND 2 19 51 115
AND 2 20 52 116
AND 2 21 53 117
AND 2 22 54 118
AND 2 23 55 119
AND 2 24 56 120
AND 2 25 57 121
AND 2 26 58 122
AND 2 27 59 123
AND 2 28 60 124
AND 2 29 61 125
AND 2 30 62 126
AND 2 31 63 127
AND 2 32 64 128
NOT 1 1 129
XOR 2 1 129 130
XOR 2 2 34 131
XOR 2 3 35 132
XOR 2 4 36 133
XOR 2 5 37 134
XOR 2 6 38 135
XOR 2 7 39 136
XOR 2 8 40 137
XOR 2 9 41 138
XOR 2 10 42 139
XOR 2 11 43 140
XOR 2 12 44 141
XOR 2 13 45 142
XOR 2 14 46 143
XOR 2 15 47 144
XOR 2 16 48 145
XOR 2 17 49 146
XOR 2 18 50 147
XOR 2 19 51 148
XOR 2 20 52 149
XOR 2 21 53 150
XOR 2 22 54 151
XOR 2 23 55 152
XOR 2 24 56 153
XOR 2 25 57 154
XOR 2 26 58 155
XOR 2 27 59 156
XOR 2 28 60 157
XOR 2 29 61 158
XOR 2 30 62 159
XOR 2 31 63 160
XOR 2 32 64 161
AND 2 130 162 163
AND 2 131 163 164
AND 2 132 164 165
AND 2 133 165 166
AND 2 134 166 167
AND 2 135 167 168
AND 2 136 168 169
AND 2 137 169 170
AND 2 138 170 171
AND 2 139 171 172
AND 2 140 172 173
AND 2 141 173 174
AND 2 142 174 175
AND 2 143 175 176
AND 2 144 176 177
AND 2 145 177 178
AND 2 146 178 179
AND 2 147 179 180
AND 2 148 180 181
AND 2 149 181 182
AND 2 150 182 183
AND 2 151 183 184
AND 2 152 184 185
AND 2 153 185 186
AND 2 154 186 187
AND 2 155 187 188
AND 2 156 188 189
AND 2 157 189 190
AND 2 158 190 191
AND 2 159 191 192
AND 2 160 192 193
AND 2 161 193 194
OR 2 97 163 65
OR 2 98 164 66
OR 2 99 165 67
OR 2 100 166 68
OR 2 101 167 69
OR 2 102 168 70
OR 2 103 169 71
OR 2 104 170 72
OR 2 105 171 73
OR 2 106 172 74
OR 2 107 173 75
OR 2 108 174 76
OR 2 109 175 77
OR 2 110 176 78
OR 2 111 177 79
OR 2 112 178 80
OR 2 113 179 81
OR 2 114 180 82
OR 2 115 181 83
OR 2 116 182 84
OR 2 117 183 85
OR 2 118 184 86
OR 2 119 185 87
OR 2 120 186 88
OR 2 121 187 89
OR 2 122 188 90
OR 2 123 189 91
OR 2 124 190 92
OR 2 125 191 93
OR 2 126 192 94
OR 2 127 193 95
OR 2 128 194 96
